20
KAJ7421106.1   0.0000000 0.0666746 0.1723159 0.1982251 0.1375378 0.1832285 0.1273016 0.1046674 0.0823524 0.1096072 0.1886230 0.1401897 0.1389419 0.1126743 0.1511799 0.0921657 0.1893414 0.1457796 0.1454661 0.1513092 
KAJ7396366.1   0.0666746 0.0000000 0.1963170 0.2015894 0.1600555 0.2030350 0.1243132 0.1091695 0.0538307 0.1108803 0.2086733 0.1629476 0.1358234 0.1152317 0.1596085 0.0568163 0.2142807 0.1571584 0.1646279 0.1617455 
KAI6072612.1   0.1723159 0.1963170 0.0000000 0.3119686 0.1163239 0.0257905 0.2226168 0.2065831 0.2017575 0.2087551 0.0172149 0.1201538 0.2234035 0.2066821 0.1313595 0.1936380 0.1029596 0.1021620 0.1157057 0.1106002 
KAI1230272.1   0.1982251 0.2015894 0.3119686 0.0000000 0.2739846 0.3198559 0.1199993 0.1276965 0.2261138 0.1095225 0.3277211 0.2783960 0.1253962 0.1128864 0.2711038 0.2132606 0.3230471 0.2656331 0.2675674 0.2662639 
XP_040473657.1 0.1375378 0.1600555 0.1163239 0.2739846 0.0000000 0.1258182 0.1761000 0.1725019 0.1840792 0.1704042 0.1310197 0.0028189 0.1920997 0.1828353 0.1069452 0.1752568 0.1192831 0.0868020 0.0873068 0.0890280 
XP_040392851.1 0.1832285 0.2030350 0.0257905 0.3198559 0.1258182 0.0000000 0.2295268 0.2134360 0.2086102 0.2157380 0.0248715 0.1296677 0.2240048 0.2134417 0.1403906 0.2003640 0.1061797 0.0990923 0.1126481 0.1075484 
XP_039553177.1 0.1273016 0.1243132 0.2226168 0.1199993 0.1761000 0.2295268 0.0000000 0.0695550 0.1413865 0.0263257 0.2315789 0.1792110 0.0679483 0.0600166 0.1811501 0.1357975 0.2348197 0.1839689 0.1847771 0.1849584 
XP_010411101.1 0.1046674 0.1091695 0.2065831 0.1276965 0.1725019 0.2134360 0.0695550 0.0000000 0.1238734 0.0652003 0.2193491 0.1755580 0.0759335 0.0509801 0.1651380 0.1200398 0.2190458 0.1681142 0.1694659 0.1694049 
XP_027601652.2 0.0823524 0.0538307 0.2017575 0.2261138 0.1840792 0.2086102 0.1413865 0.1238734 0.0000000 0.1261169 0.2137562 0.1872809 0.1533016 0.1322072 0.1748766 0.0198145 0.2337854 0.1622314 0.1697694 0.1696114 
XP_038019160.1 0.1096072 0.1108803 0.2087551 0.1095225 0.1704042 0.2157380 0.0263257 0.0652003 0.1261169 0.0000000 0.2217996 0.1735233 0.0652465 0.0458907 0.1748172 0.1297797 0.2335043 0.1713220 0.1725196 0.1724138 
XP_027301312.1 0.1886230 0.2086733 0.0172149 0.3277211 0.1310197 0.0248715 0.2315789 0.2193491 0.2137562 0.2217996 0.0000000 0.1350037 0.2367301 0.2192730 0.1428212 0.2053697 0.1139933 0.1103993 0.1239731 0.1190357 
XP_037266979.1 0.1401897 0.1629476 0.1201538 0.2783960 0.0028189 0.1296677 0.1792110 0.1755580 0.1872809 0.1735233 0.1350037 0.0000000 0.1954312 0.1860315 0.1072788 0.1782761 0.1229885 0.0870611 0.0875693 0.0892911 
KAF4787459.1   0.1389419 0.1358234 0.2234035 0.1253962 0.1920997 0.2240048 0.0679483 0.0759335 0.1533016 0.0652465 0.2367301 0.1954312 0.0000000 0.0562222 0.1765350 0.1494289 0.2430599 0.1873722 0.1886561 0.1883389 
XP_015506695.1 0.1126743 0.1152317 0.2066821 0.1128864 0.1828353 0.2134417 0.0600166 0.0509801 0.1322072 0.0458907 0.2192730 0.1860315 0.0562222 0.0000000 0.1789888 0.1292423 0.2294920 0.1786268 0.1798548 0.1758804 
XP_030364364.1 0.1511799 0.1596085 0.1313595 0.2711038 0.1069452 0.1403906 0.1811501 0.1651380 0.1748766 0.1748172 0.1428212 0.1072788 0.1765350 0.1789888 0.0000000 0.1725079 0.1402597 0.1077276 0.1148559 0.1090745 
XP_032566992.1 0.0921657 0.0568163 0.1936380 0.2132606 0.1752568 0.2003640 0.1357975 0.1200398 0.0198145 0.1297797 0.2053697 0.1782761 0.1494289 0.1292423 0.1725079 0.0000000 0.2203806 0.1541869 0.1614589 0.1612288 
XP_015741500.1 0.1893414 0.2142807 0.1029596 0.3230471 0.1192831 0.1061797 0.2348197 0.2190458 0.2337854 0.2335043 0.1139933 0.1229885 0.2430599 0.2294920 0.1402597 0.2203806 0.0000000 0.1252948 0.1328119 0.1205900 
KAF1671963.1   0.1457796 0.1571584 0.1021620 0.2656331 0.0868020 0.0990923 0.1839689 0.1681142 0.1622314 0.1713220 0.1103993 0.0870611 0.1873722 0.1786268 0.1077276 0.1541869 0.1252948 0.0000000 0.0169828 0.0178871 
KAF1663616.1   0.1454661 0.1646279 0.1157057 0.2675674 0.0873068 0.1126481 0.1847771 0.1694659 0.1697694 0.1725196 0.1239731 0.0875693 0.1886561 0.1798548 0.1148559 0.1614589 0.1328119 0.0169828 0.0000000 0.0237728 
KAF1642821.1   0.1513092 0.1617455 0.1106002 0.2662639 0.0890280 0.1075484 0.1849584 0.1694049 0.1696114 0.1724138 0.1190357 0.0892911 0.1883389 0.1758804 0.1090745 0.1612288 0.1205900 0.0178871 0.0237728 0.0000000 
